10 0.2982 0.1666 0.5207 0.1311
10 0.3182 0.8579 0.5423 0.1391
0 0.1990 0.8554 0.0635 0.1267
0 0.1322 0.1603 0.0647 0.1234
8 0.3024 0.1653 0.0588 0.1248
5 0.0750 0.1589 0.0609 0.1272
7 0.3132 0.8569 0.0616 0.1279
7 0.4120 0.1703 0.0639 0.1266
5 0.4660 0.1707 0.0591 0.1246
0 0.1891 0.1624 0.0616 0.1234
0 0.5221 0.1706 0.0634 0.1211
4 0.4299 0.8554 0.0652 0.1244
0 0.1436 0.8560 0.0604 0.1269
2 0.4867 0.8546 0.0634 0.1265
5 0.0860 0.8576 0.0615 0.1381
8 0.3560 0.1687 0.0620 0.1267
2 0.2462 0.1646 0.0597 0.1234
3 0.2573 0.8548 0.0598 0.1258
0 0.5415 0.8523 0.0611 0.1218
9 0.3708 0.8559 0.0628 0.1276
