10 0.2096 0.1072 0.3924 0.1071
10 0.2188 0.3880 0.4014 0.1005
10 0.2104 0.6716 0.4083 0.1047
10 0.2041 0.9545 0.3791 0.0914
5 0.3465 0.3860 0.0456 0.0932
5 0.0299 0.9567 0.0458 0.0872
0 0.0733 0.9580 0.0490 0.0858
5 0.3406 0.6682 0.0454 0.0952
0 0.0833 0.1034 0.0476 0.1013
5 0.0407 0.1032 0.0458 0.1028
0 0.1378 0.3868 0.0462 0.0956
5 0.0508 0.3859 0.0479 0.0967
0 0.1257 0.1039 0.0477 0.0979
7 0.2431 0.9544 0.0506 0.0887
7 0.2525 0.6690 0.0519 0.0960
0 0.1157 0.9583 0.0460 0.0868
0 0.2895 0.9551 0.0484 0.0909
5 0.3319 0.9536 0.0461 0.0869
0 0.3057 0.3859 0.0489 0.0953
1 0.3820 0.6680 0.0474 0.0949
0 0.0839 0.6721 0.0496 0.0971
1 0.3771 0.1058 0.0478 0.0982
5 0.3362 0.1057 0.0455 0.0959
1 0.3894 0.3857 0.0471 0.0926
0 0.1273 0.6716 0.0497 0.0960
0 0.0951 0.3864 0.0496 0.0956
2 0.1582 0.9585 0.0489 0.0867
3 0.2192 0.3863 0.0430 0.0945
2 0.1797 0.3865 0.0449 0.0932
0 0.2992 0.6686 0.0520 0.0994
3 0.1984 0.9567 0.0438 0.0895
3 0.2116 0.6697 0.0436 0.0957
7 0.2502 0.1054 0.0500 0.0986
5 0.0397 0.6723 0.0494 0.1000
1 0.3739 0.9537 0.0487 0.0907
2 0.1704 0.6710 0.0460 0.0930
2 0.1679 0.1051 0.0463 0.0939
7 0.2604 0.3847 0.0496 0.0964
3 0.2080 0.1058 0.0434 0.0973
0 0.2960 0.1058 0.0491 0.1019
